#include "tri_quad.hpp"

#include <stdexcept>

namespace cap06 {

TriangleQuadrature tri_quad(const int n)
{
    TriangleQuadrature rule;

    switch (n) {
    case 1:
        rule.weights = Eigen::VectorXd(1);
        rule.lambda = Eigen::MatrixXd(1, 3);
        rule.weights << 1.0;
        rule.lambda << 1.0 / 3.0, 1.0 / 3.0, 1.0 / 3.0;
        break;
    case 3:
        rule.weights = Eigen::VectorXd(3);
        rule.lambda = Eigen::MatrixXd(3, 3);
        rule.weights << 1.0 / 3.0, 1.0 / 3.0, 1.0 / 3.0;
        rule.lambda << 2.0 / 3.0, 1.0 / 6.0, 1.0 / 6.0,
            1.0 / 6.0, 2.0 / 3.0, 1.0 / 6.0,
            1.0 / 6.0, 1.0 / 6.0, 2.0 / 3.0;
        break;
    case 6:
        rule.weights = Eigen::VectorXd(6);
        rule.lambda = Eigen::MatrixXd(6, 3);
        rule.weights << 0.223381589678011,
            0.223381589678011,
            0.223381589678011,
            0.109951743655322,
            0.109951743655322,
            0.109951743655322;
        rule.lambda << 0.108103018168070, 0.445948490915965, 0.445948490915965,
            0.445948490915965, 0.108103018168070, 0.445948490915965,
            0.445948490915965, 0.445948490915965, 0.108103018168070,
            0.816847572980459, 0.091576213509771, 0.091576213509771,
            0.091576213509771, 0.816847572980459, 0.091576213509771,
            0.091576213509771, 0.091576213509771, 0.816847572980459;
        break;
    case 12:
        rule.weights = Eigen::VectorXd(12);
        rule.lambda = Eigen::MatrixXd(12, 3);
        rule.weights << 0.116786275726379,
            0.116786275726379,
            0.116786275726379,
            0.050844906370207,
            0.050844906370207,
            0.050844906370207,
            0.082851075618374,
            0.082851075618374,
            0.082851075618374,
            0.082851075618374,
            0.082851075618374,
            0.082851075618374;
        rule.lambda << 0.501426509658179, 0.249286745170910, 0.249286745170910,
            0.249286745170910, 0.501426509658179, 0.249286745170910,
            0.249286745170910, 0.249286745170910, 0.501426509658179,
            0.873821971016996, 0.063089014491502, 0.063089014491502,
            0.063089014491502, 0.873821971016996, 0.063089014491502,
            0.063089014491502, 0.063089014491502, 0.873821971016996,
            0.053145049844817, 0.310352451033784, 0.636502499121399,
            0.053145049844817, 0.636502499121399, 0.310352451033784,
            0.310352451033784, 0.636502499121399, 0.053145049844817,
            0.310352451033784, 0.053145049844817, 0.636502499121399,
            0.636502499121399, 0.053145049844817, 0.310352451033784,
            0.636502499121399, 0.310352451033784, 0.053145049844817;
        break;
    default:
        throw std::runtime_error("Unimplemented rule");
    }

    return rule;
}

}  // namespace cap06
